🔌 DB Connection String: postgresql://admin:****@localhost:5433/promptvault_db
🌱 Iniciando siembra del Búnker...
✅ DB Connected via postgres.js
Generated embedding for SQL Expert: true 768
❌ Error en la siembra: DrizzleQueryError: Failed query: insert into "prompts" ("id", "type", "title_es", "title_en", "description_es", "description_en", "content", "version", "versions", "tags", "domain", "embedding", "metadata", "created_at", "updated_at") values (default, $1, $2, $3, $4, $5, $6, $7, $8, $9, default, $10, $11, default, default)
params: standard,Experto en SQL,SQL Expert,Genera consultas complejas optimizadas para Postgres.,Generates complex queries optimized for Postgres.,Actúa como un DBA experto en PostgreSQL. Tu objetivo es escribir consultas SQL eficientes, seguras y bien documentadas based on user requirements...,1,[{"id":"9d04fdb6-1a62-430f-be11-6761a1285f29","content":"Actúa como un DBA experto en PostgreSQL. Tu objetivo es escribir consultas SQL eficientes, seguras y bien documentadas based on user requirements...","version":1,"createdAt":"2026-02-14T08:30:19.927Z"}],{"database","sql","backend"},-0.011327066458761692,1.1014158725738525,-2.8959333896636963,0.6669608354568481,1.057411789894104,-1.4991263151168823,0.043472956866025925,-0.15370087325572968,-0.6601292490959167,0.23693375289440155,0.19303499162197113,0.2403959482908249,1.4733786582946777,-0.9978815913200378,-0.3071047067642212,0.5700059533119202,-0.11970709264278412,-0.9789650440216064,-0.4911463260650635,0.9796421527862549,-0.640788733959198,-0.6437229514122009,-0.8521236777305603,-0.09674836695194244,0.8526259064674377,0.25380775332450867,-0.32884663343429565,1.3897379636764526,-0.24727977812290192,-0.1950819045305252,0.17595981061458588,0.5484502911567688,-0.08027900755405426,0.6527664661407471,-0.6092760562896729,-0.613362193107605,0.6382601261138916,0.9256735444068909,0.22427180409431458,-0.35409852862358093,0.7113671898841858,-0.1559464931488037,0.36555641889572144,-1.7138845920562744,0.26825204491615295,0.23998355865478516,1.3613194227218628,-0.46570825576782227,1.1447068452835083,-1.6397749185562134,-0.318469375371933,0.0489252470433712,0.9954355359077454,-0.3965825140476227,1.398478388786316,0.6715764999389648,-0.4195769727230072,0.5192163586616516,-0.48648568987846375,-0.9311836361885071,2.2999982833862305,0.09794306010007858,-0.22380180656909943,1.2461268901824951,-0.009192036464810371,-1.0806424617767334,-0.3338105380535126,0.6929118633270264,-0.7409646511077881,-0.5907806754112244,0.9272097945213318,0.24278400838375092,-0.32336923480033875,0.9851828217506409,-1.4519680738449097,-0.30089643597602844,-1.0413823127746582,0.12373599410057068,0.40907397866249084,0.63802170753479,-0.10664535313844681,-0.4324274957180023,1.7253459692001343,-0.47980228066444397,-0.1637755036354065,0.3081684112548828,-0.10880041122436523,-0.5211586952209473,0.26431435346603394,0.3412713408470154,-0.1886327862739563,-0.4702742397785187,0.5427725315093994,0.08251582086086273,-0.5098096132278442,0.5804747939109802,-0.7683663964271545,0.12383118271827698,-0.3540627658367157,-0.4350883662700653,-0.12344053387641907,-0.009015124291181564,-0.07983356714248657,0.4529714286327362,0.05778566375374794,-0.4768308401107788,0.4095941185951233,0.516534686088562,-0.681318998336792,-0.0006919843144714832,-0.18205982446670532,1.1773099899291992,-0.9180395007133484,0.4696422815322876,0.26197147369384766,-0.014369736425578594,0.5936525464057922,-0.20007814466953278,0.008439816534519196,1.0135407447814941,0.1788341999053955,-0.4552767872810364,-0.278546541929245,0.36787351965904236,0.2966218590736389,1.6570876836776733,-0.6997194886207581,0.8533108234405518,-0.2585827112197876,-0.968457043170929,-0.8329668045043945,0.3117767870426178,-0.5428175330162048,0.3614066243171692,-0.3934626281261444,0.10536506772041321,-0.2612634003162384,-0.3085017204284668,-0.2402963638305664,-0.005394912324845791,0.6796467304229736,1.2725977897644043,0.1258421540260315,-1.0281622409820557,-0.43105554580688477,-1.2155176401138306,0.6571230888366699,-0.10549873858690262,-0.7543773055076599,-0.2720887064933777,0.08904106914997101,-0.5359893441200256,0.40494653582572937,0.19067730009555817,0.137055441737175,-0.9146260023117065,-0.11669395118951797,0.2774444818496704,-0.12774993479251862,0.22061792016029358,-0.22927497327327728,0.6743232011795044,-1.7538986206054688,1.4283257722854614,0.46585848927497864,-0.895711362361908,0.2154468148946762,0.5424405932426453,0.37313759326934814,1.7771683931350708,-0.756443977355957,-0.48037996888160706,0.06860554963350296,-0.094327911734581,1.0523617267608643,-0.10332558304071426,0.6133664846420288,0.12422563880681992,1.0777026414871216,-0.5762345790863037,0.4752136170864105,-0.008775599300861359,0.29385387897491455,0.6810133457183838,-0.8902214765548706,-0.463797926902771,0.9348233938217163,-0.9512484669685364,-0.3174252212047577,-0.7245833277702332,0.6619392037391663,0.07998441159725189,-1.155371069908142,-0.7732266783714294,-0.7927534580230713,-0.14305679500102997,1.2604750394821167,-0.20985828340053558,-0.4778243601322174,-0.6736147403717041,-0.3403647243976593,0.0290937852114439,-0.6419858932495117,0.9904264807701111,-0.8112719058990479,0.6266525983810425,0.731051504611969,0.3915921151638031,-0.42088133096694946,0.9851012229919434,0.7036980390548706,-0.2385377436876297,0.777241587638855,0.20549367368221283,0.08580445498228073,-0.3614620566368103,0.5215243697166443,-1.1466144323349,0.6115251183509827,0.5943728089332581,0.24925920367240906,-0.3711479604244232,0.3742707073688507,0.3311237096786499,-0.40589261054992676,0.40442129969596863,-0.4217599034309387,0.32710251212120056,0.5962487459182739,-0.360931932926178,-0.5176462531089783,-1.7853668928146362,1.9516279697418213,0.20393617451190948,0.799871027469635,0.31571951508522034,0.2527998089790344,1.0916368961334229,-0.09456415474414825,0.9106659293174744,0.24785327911376953,0.1884823441505432,0.637062668800354,-0.5872025489807129,-0.9043358564376831,-0.6985663175582886,-0.3290437161922455,-0.6348631381988525,-0.24719884991645813,0.6184983253479004,0.9105323553085327,-0.7069069147109985,0.19250403344631195,0.40415623784065247,-0.12881630659103394,-0.1319952756166458,-0.21897366642951965,0.20612484216690063,1.4763251543045044,-0.3131658136844635,0.5101420879364014,-0.6263437271118164,0.3034271001815796,-0.5752262473106384,0.14366187155246735,-0.3385889232158661,-1.6659561395645142,-0.8614926338195801,0.1768837720155716,0.004304613918066025,0.6035096645355225,0.021810322999954224,0.48663926124572754,0.6415425539016724,0.10050241649150848,0.5862312316894531,-0.35387301445007324,-0.5981367826461792,-0.26112595200538635,0.5724000334739685,-0.10067832469940186,-1.1454493999481201,-0.5119005441665649,0.8664308786392212,-0.45042508840560913,1.5553265810012817,0.29608678817749023,0.08743171393871307,0.6165501475334167,0.40203264355659485,0.3794883191585541,0.1129746362566948,-0.6159865260124207,0.562861442565918,0.45030370354652405,0.36968469619750977,0.4606589376926422,0.10931453108787537,-0.05220602825284004,-0.22532005608081818,0.31757187843322754,0.9626516103744507,0.5549578666687012,0.6767707467079163,-0.437127023935318,-0.1562839150428772,0.396300733089447,-0.25239458680152893,-0.2586768567562103,0.13108225166797638,-1.2951158285140991,-1.5408762693405151,-0.7716448307037354,0.4134959280490875,-0.03806900233030319,-0.2514224350452423,-0.2225881963968277,-0.15643543004989624,0.10602457076311111,0.18331409990787506,0.4785628914833069,-1.0584479570388794,-0.1681729406118393,-2.2060632705688477,-0.5572686791419983,0.9016036987304688,-0.9266332387924194,0.4059702157974243,-0.4294898211956024,-0.33793118596076965,0.2424163669347763,0.4443873465061188,-0.08357760310173035,-0.6534367799758911,-0.04990173503756523,0.8660393953323364,1.353188157081604,-0.13727593421936035,-0.3115265965461731,0.43176019191741943,0.7996145486831665,-0.23779378831386566,-0.22032523155212402,-0.851128101348877,-0.8125176429748535,0.513695478439331,-0.17800770699977875,-0.3831058144569397,0.3029186427593231,0.33711668848991394,-0.7565575242042542,-0.049960870295763016,-0.6582277417182922,0.8205702900886536,0.25703680515289307,0.06782690435647964,1.0628325939178467,0.43705102801322937,-0.2697320282459259,-0.1008971780538559,0.7083634734153748,1.1796433925628662,0.5531719923019409,-0.427558958530426,-0.3009311556816101,0.8293494582176208,0.7708339095115662,-0.8434741497039795,0.4916309714317322,0.6922105550765991,0.20816555619239807,-0.7381501793861389,-0.034877959638834,0.428496390581131,-0.30745604634284973,0.18384908139705658,-1.1677554845809937,-0.5278683304786682,0.2928420305252075,-0.15750350058078766,1.051361322402954,-0.41437527537345886,-0.3632980287075043,0.2338147759437561,0.7159148454666138,-0.17455044388771057,1.1862516403198242,-0.6374280452728271,0.19291581213474274,0.12008978426456451,-0.4007965326309204,-0.9441508650779724,-0.7481173276901245,0.07126405090093613,0.9613948464393616,-0.6403364539146423,-0.21854278445243835,0.40050408244132996,0.30280178785324097,0.11804206669330597,-0.8902500867843628,-2.348937749862671,0.26685813069343567,0.31063491106033325,-0.6555734276771545,0.07151944190263748,-1.1698622703552246,0.5332471132278442,0.8672247529029846,-0.5579583048820496,0.6614412665367126,0.08408430963754654,-0.23597776889801025,0.3243192434310913,0.34530991315841675,1.2799072265625,0.6838172674179077,-0.28684476017951965,0.10884439200162888,-0.7954307794570923,0.8567354679107666,0.17255519330501556,0.6923529505729675,0.30936822295188904,-0.0062783267349004745,-0.20300160348415375,0.08172376453876495,0.28557920455932617,0.5171282291412354,-0.22796209156513214,0.703009307384491,0.7933751940727234,0.5547215938568115,-0.7817634344100952,0.008469891734421253,-0.05531936138868332,0.15225493907928467,0.6103790998458862,0.30958399176597595,-0.042338404804468155,-1.1272574663162231,0.6654118895530701,-0.7738423943519592,-1.359948992729187,-0.41533154249191284,1.184414267539978,0.41807296872138977,-0.9529995322227478,-0.2695627808570862,0.25131696462631226,0.043961331248283386,0.9184811115264893,0.12170232832431793,-0.17015525698661804,1.2161996364593506,-0.3408769965171814,0.6660220623016357,0.43416258692741394,-0.1967352330684662,0.6677554249763489,-0.08668714761734009,-0.23083233833312988,-1.078324556350708,0.42495912313461304,-0.09237910807132721,-0.2182006984949112,-1.1329755783081055,-0.04597597196698189,0.11761217564344406,0.8838921189308167,-1.2205965518951416,0.6257562637329102,0.9399117231369019,-0.4626849889755249,-0.607419490814209,-0.1765822321176529,-0.2361181080341339,0.12870283424854279,-0.09265470504760742,1.1521782875061035,0.016855496913194656,-0.17849652469158173,-0.8466193675994873,-0.6867141127586365,0.23634690046310425,0.09533723443746567,0.7803134322166443,-0.9196906685829163,0.23094825446605682,0.2670004367828369,0.6248497366905212,0.9865830540657043,0.3303646147251129,-1.0977505445480347,-0.5846192240715027,-0.3677254617214203,-0.989960789680481,0.32560962438583374,0.5906986594200134,-0.6262054443359375,-0.10411663353443146,0.4220653176307678,-1.053263783454895,-0.09849624335765839,0.0845649465918541,-0.6464778184890747,0.841025710105896,-0.9882960915565491,-1.0296120643615723,-0.5474318265914917,-0.17454694211483002,0.06212738901376724,0.2871096432209015,-0.14951938390731812,0.2539452612400055,-0.272094190120697,0.482643187046051,0.5714646577835083,-0.6889955401420593,0.33939364552497864,0.570084273815155,-0.07725826650857925,-0.524418830871582,-0.286313533782959,-0.9892346262931824,0.3004426658153534,-0.7385050058364868,-1.310123085975647,0.016719184815883636,0.025895508006215096,-0.12398494780063629,0.11825298517942429,-1.1645251512527466,-0.3520801365375519,0.07478639483451843,-0.8070921897888184,-0.7484062910079956,-0.7761738300323486,0.27377915382385254,0.5243449807167053,0.2078022062778473,0.467905730009079,0.1438847929239273,-0.07867790758609772,1.1143522262573242,-0.3292023837566376,-0.20373819768428802,0.5737413763999939,0.5698907375335693,-0.46504339575767517,0.828847348690033,-0.5649318099021912,-0.31331220269203186,-0.6197090148925781,0.14906561374664307,0.2633735239505768,0.4358973801136017,-0.01790027692914009,0.18441244959831238,-0.7330277562141418,0.08984425663948059,-0.4259073734283447,0.5020440816879272,-0.19604133069515228,-0.39997145533561707,-0.7450318336486816,-0.31877946853637695,1.5661205053329468,-0.011862787418067455,1.2116007804870605,0.05544613301753998,-1.6289387941360474,0.054583556950092316,-0.1341506689786911,1.045795202255249,0.09004262089729309,0.42790624499320984,-0.6737530827522278,-0.5899319052696228,-0.7497667074203491,0.8897483944892883,-1.3643704652786255,1.075105905532837,1.2158291339874268,0.15133057534694672,0.1336820274591446,-1.0016694068908691,0.019986318424344063,-0.16812999546527863,-1.7009445428848267,-0.5166468620300293,1.1092835664749146,0.23306478559970856,-0.7314367890357971,0.19715671241283417,0.685905933380127,0.8078065514564514,-0.003979049623012543,-1.200398564338684,-1.3007460832595825,-0.1625887006521225,-0.10392170399427414,0.8211365342140198,0.04489874094724655,0.4051128029823303,0.7883931398391724,-0.22024405002593994,0.9346544742584229,-0.8756362795829773,-1.3843363523483276,0.5938900709152222,-0.5433991551399231,-0.4604998826980591,0.14584971964359283,0.9718039035797119,-0.3252626955509186,0.5342409014701843,0.35633188486099243,0.4787001311779022,-0.36815258860588074,-0.6566367149353027,-0.8541537523269653,0.42990830540657043,-0.43231654167175293,-0.05221663415431976,-0.9994614720344543,-1.3557569980621338,-1.1995042562484741,0.17058894038200378,0.03295905888080597,-0.5132776498794556,0.6729184985160828,-0.376162588596344,-0.408755362033844,-1.080928087234497,-0.1720103919506073,-0.6994465589523315,0.8649320006370544,-0.13117094337940216,1.105094075202942,0.5665398240089417,0.024938439950346947,-0.11357137560844421,0.6971423625946045,0.7621657848358154,-0.7374358773231506,0.37344884872436523,0.5847229957580566,0.5708780288696289,0.4393378794193268,1.675450086593628,1.2507939338684082,0.6480653882026672,-0.2616496682167053,0.3961907625198364,-0.9421226382255554,0.24824659526348114,-0.4968496561050415,-1.152777075767517,-0.14530609548091888,0.14122632145881653,0.7619378566741943,-0.13255906105041504,0.09506963938474655,1.217729091644287,0.044323328882455826,-0.2564360499382019,-0.1641564518213272,-1.7873568534851074,-0.9697675704956055,0.20127856731414795,0.25855711102485657,-0.41959014534950256,-0.9575737714767456,0.20934796333312988,0.27614858746528625,1.4276372194290161,0.10931955277919769,0.0015365856233984232,-0.13562168180942535,0.512978196144104,0.09442762285470963,0.17926032841205597,-0.19750292599201202,0.14645273983478546,-0.4774288833141327,-0.10316319018602371,0.0868198499083519,0.008578900247812271,0.10795638710260391,-0.7756932377815247,-1.0507415533065796,-0.19089122116565704,-0.6752488017082214,-0.13937613368034363,0.3129308223724365,-0.6619133353233337,0.05796225368976593,-0.11867881566286087,0.2874380648136139,-0.6751522421836853,0.6647244095802307,0.7926374077796936,1.0509575605392456,0.49905073642730713,-0.6957855820655823,0.36365991830825806,0.43339142203330994,0.35808324813842773,-0.3018120229244232,-0.5345131754875183,-0.18736843764781952,-0.3346869647502899,0.955948531627655,0.6875511407852173,0.6454054713249207,0.29327747225761414,-0.29309892654418945,-0.3479790985584259,0.34717991948127747,0.08300717175006866,-0.46325767040252686,-0.9139734506607056,-0.031974561512470245,0.024864954873919487,-0.13282954692840576,-0.08174818754196167,-0.4789630174636841,1.0313082933425903,-0.0325310193002224,1.2694395780563354,-0.7356621623039246,-1.0569552183151245,0.595479428768158,0.36229971051216125,-0.26362302899360657,-1.5485440492630005,-0.8717870116233826,-0.4804431200027466,0.17956306040287018,-0.12441866099834442,0.07938797771930695,-0.5754382014274597,-0.178018257021904,0.7333003282546997,0.020229510962963104,-0.7441636323928833,0.33599984645843506,0.2961385250091553,-0.7558597922325134,-0.4997478127479553,-0.7118251323699951,-0.35686275362968445,0.3372463881969452,-0.4473223090171814,-0.03418566659092903,-0.09844037890434265,0.34684571623802185,1.518790602684021,1.1330435276031494,0.6582208871841431,0.29451805353164673,0.08049679547548294,0.19540049135684967,0.21443058550357819,0.3705662786960602,-0.13158975541591644,0.13774023950099945,{}
    at PostgresJsPreparedQuery.queryWithCache (/Users/mike/Work/Proyectos/vault/node_modules/.pnpm/drizzle-orm@0.45.1_@opentelemetry+api@1.9.0_postgres@3.4.8/node_modules/src/pg-core/session.ts:73:11)
    at process.processTicksAndRejections (node:internal/process/task_queues:103:5)
    at async main (/Users/mike/Work/Proyectos/vault/src/db/seed.ts:72:5) {
  query: 'insert into "prompts" ("id", "type", "title_es", "title_en", "description_es", "description_en", "content", "version", "versions", "tags", "domain", "embedding", "metadata", "created_at", "updated_at") values (default, $1, $2, $3, $4, $5, $6, $7, $8, $9, default, $10, $11, default, default)',
  params: [
    'standard',
    'Experto en SQL',
    'SQL Expert',
    'Genera consultas complejas optimizadas para Postgres.',
    'Generates complex queries optimized for Postgres.',
    'Actúa como un DBA experto en PostgreSQL. Tu objetivo es escribir consultas SQL eficientes, seguras y bien documentadas based on user requirements...',
    1,
    '[{"id":"9d04fdb6-1a62-430f-be11-6761a1285f29","content":"Actúa como un DBA experto en PostgreSQL. Tu objetivo es escribir consultas SQL eficientes, seguras y bien documentadas based on user requirements...","version":1,"createdAt":"2026-02-14T08:30:19.927Z"}]',
    '{"database","sql","backend"}',
    [
      -0.011327066458761692,    1.1014158725738525,  -2.8959333896636963,
         0.6669608354568481,     1.057411789894104,  -1.4991263151168823,
       0.043472956866025925,  -0.15370087325572968,  -0.6601292490959167,
        0.23693375289440155,   0.19303499162197113,   0.2403959482908249,
         1.4733786582946777,   -0.9978815913200378,  -0.3071047067642212,
         0.5700059533119202,  -0.11970709264278412,  -0.9789650440216064,
        -0.4911463260650635,    0.9796421527862549,   -0.640788733959198,
        -0.6437229514122009,   -0.8521236777305603, -0.09674836695194244,
         0.8526259064674377,   0.25380775332450867, -0.32884663343429565,
         1.3897379636764526,  -0.24727977812290192,  -0.1950819045305252,
        0.17595981061458588,    0.5484502911567688, -0.08027900755405426,
         0.6527664661407471,   -0.6092760562896729,   -0.613362193107605,
         0.6382601261138916,    0.9256735444068909,  0.22427180409431458,
       -0.35409852862358093,    0.7113671898841858,  -0.1559464931488037,
        0.36555641889572144,   -1.7138845920562744,  0.26825204491615295,
        0.23998355865478516,    1.3613194227218628, -0.46570825576782227,
         1.1447068452835083,   -1.6397749185562134,   -0.318469375371933,
         0.0489252470433712,    0.9954355359077454,  -0.3965825140476227,
          1.398478388786316,    0.6715764999389648,  -0.4195769727230072,
         0.5192163586616516,  -0.48648568987846375,  -0.9311836361885071,
         2.2999982833862305,   0.09794306010007858, -0.22380180656909943,
         1.2461268901824951, -0.009192036464810371,  -1.0806424617767334,
        -0.3338105380535126,    0.6929118633270264,  -0.7409646511077881,
        -0.5907806754112244,    0.9272097945213318,  0.24278400838375092,
       -0.32336923480033875,    0.9851828217506409,  -1.4519680738449097,
       -0.30089643597602844,   -1.0413823127746582,  0.12373599410057068,
        0.40907397866249084,      0.63802170753479, -0.10664535313844681,
        -0.4324274957180023,    1.7253459692001343, -0.47980228066444397,
        -0.1637755036354065,    0.3081684112548828, -0.10880041122436523,
        -0.5211586952209473,   0.26431435346603394,   0.3412713408470154,
        -0.1886327862739563,   -0.4702742397785187,   0.5427725315093994,
        0.08251582086086273,   -0.5098096132278442,   0.5804747939109802,
        -0.7683663964271545,   0.12383118271827698,  -0.3540627658367157,
        -0.4350883662700653,
      ... 668 more items
    ],
    '{}'
  ],
  cause: PostgresError: malformed vector literal: "-0.011327066458761692,1.1014158725738525,-2.8959333896636963,0.6669608354568481,1.057411789894104,-1.4991263151168823,0.043472956866025925,-0.15370087325572968,-0.6601292490959167,0.23693375289440155,0.19303499162197113,0.2403959482908249,1.4733786582946777,-0.9978815913200378,-0.3071047067642212,0.5700059533119202,-0.11970709264278412,-0.9789650440216064,-0.4911463260650635,0.9796421527862549,-0.640788733959198,-0.6437229514122009,-0.8521236777305603,-0.09674836695194244,0.8526259064674377,0.25380775332450867,-0.32884663343429565,1.3897379636764526,-0.24727977812290192,-0.1950819045305252,0.17595981061458588,0.5484502911567688,-0.08027900755405426,0.6527664661407471,-0.6092760562896729,-0.613362193107605,0.6382601261138916,0.9256735444068909,0.22427180409431458,-0.35409852862358093,0.7113671898841858,-0.1559464931488037,0.36555641889572144,-1.7138845920562744,0.26825204491615295,0.23998355865478516,1.3613194227218628,-0.46570825576782227,1.1447068452835083,-1.6397749185562134,-0.318469375371933,0.0489252470433712,0.9954355359077454,-0.3965825140476227,1.398478388786316,0.6715764999389648,-0.4195769727230072,0.5192163586616516,-0.48648568987846375,-0.9311836361885071,2.2999982833862305,0.09794306010007858,-0.22380180656909943,1.2461268901824951,-0.009192036464810371,-1.0806424617767334,-0.3338105380535126,0.6929118633270264,-0.7409646511077881,-0.5907806754112244,0.9272097945213318,0.24278400838375092,-0.32336923480033875,0.9851828217506409,-1.4519680738449097,-0.30089643597602844,-1.0413823127746582,0.12373599410057068,0.40907397866249084,0.63802170753479,-0.10664535313844681,-0.4324274957180023,1.7253459692001343,-0.47980228066444397,-0.1637755036354065,0.3081684112548828,-0.10880041122436523,-0.5211586952209473,0.26431435346603394,0.3412713408470154,-0.1886327862739563,-0.4702742397785187,0.5427725315093994,0.08251582086086273,-0.5098096132278442,0.5804747939109802,-0.7683663964271545,0.12383118271827698,-0.3540627658367157,-0.4350883662700653,-0.12344053387641907,-0.009015124291181564,-0.07983356714248657,0.4529714286327362,0.05778566375374794,-0.4768308401107788,0.4095941185951233,0.516534686088562,-0.681318998336792,-0.0006919843144714832,-0.18205982446670532,1.1773099899291992,-0.9180395007133484,0.4696422815322876,0.26197147369384766,-0.014369736425578594,0.5936525464057922,-0.20007814466953278,0.008439816534519196,1.0135407447814941,0.1788341999053955,-0.4552767872810364,-0.278546541929245,0.36787351965904236,0.2966218590736389,1.6570876836776733,-0.6997194886207581,0.8533108234405518,-0.2585827112197876,-0.968457043170929,-0.8329668045043945,0.3117767870426178,-0.5428175330162048,0.3614066243171692,-0.3934626281261444,0.10536506772041321,-0.2612634003162384,-0.3085017204284668,-0.2402963638305664,-0.005394912324845791,0.6796467304229736,1.2725977897644043,0.1258421540260315,-1.0281622409820557,-0.43105554580688477,-1.2155176401138306,0.6571230888366699,-0.10549873858690262,-0.7543773055076599,-0.2720887064933777,0.08904106914997101,-0.5359893441200256,0.40494653582572937,0.19067730009555817,0.137055441737175,-0.9146260023117065,-0.11669395118951797,0.2774444818496704,-0.12774993479251862,0.22061792016029358,-0.22927497327327728,0.6743232011795044,-1.7538986206054688,1.4283257722854614,0.46585848927497864,-0.895711362361908,0.2154468148946762,0.5424405932426453,0.37313759326934814,1.7771683931350708,-0.756443977355957,-0.48037996888160706,0.06860554963350296,-0.094327911734581,1.0523617267608643,-0.10332558304071426,0.6133664846420288,0.12422563880681992,1.0777026414871216,-0.5762345790863037,0.4752136170864105,-0.008775599300861359,0.29385387897491455,0.6810133457183838,-0.8902214765548706,-0.463797926902771,0.9348233938217163,-0.9512484669685364,-0.3174252212047577,-0.7245833277702332,0.6619392037391663,0.07998441159725189,-1.155371069908142,-0.7732266783714294,-0.7927534580230713,-0.14305679500102997,1.2604750394821167,-0.20985828340053558,-0.4778243601322174,-0.6736147403717041,-0.3403647243976593,0.0290937852114439,-0.6419858932495117,0.9904264807701111,-0.8112719058990479,0.6266525983810425,0.731051504611969,0.3915921151638031,-0.42088133096694946,0.9851012229919434,0.7036980390548706,-0.2385377436876297,0.777241587638855,0.20549367368221283,0.08580445498228073,-0.3614620566368103,0.5215243697166443,-1.1466144323349,0.6115251183509827,0.5943728089332581,0.24925920367240906,-0.3711479604244232,0.3742707073688507,0.3311237096786499,-0.40589261054992676,0.40442129969596863,-0.4217599034309387,0.32710251212120056,0.5962487459182739,-0.360931932926178,-0.5176462531089783,-1.7853668928146362,1.9516279697418213,0.20393617451190948,0.799871027469635,0.31571951508522034,0.2527998089790344,1.0916368961334229,-0.09456415474414825,0.9106659293174744,0.24785327911376953,0.1884823441505432,0.637062668800354,-0.5872025489807129,-0.9043358564376831,-0.6985663175582886,-0.3290437161922455,-0.6348631381988525,-0.24719884991645813,0.6184983253479004,0.9105323553085327,-0.7069069147109985,0.19250403344631195,0.40415623784065247,-0.12881630659103394,-0.1319952756166458,-0.21897366642951965,0.20612484216690063,1.4763251543045044,-0.3131658136844635,0.5101420879364014,-0.6263437271118164,0.3034271001815796,-0.5752262473106384,0.14366187155246735,-0.3385889232158661,-1.6659561395645142,-0.8614926338195801,0.1768837720155716,0.004304613918066025,0.6035096645355225,0.021810322999954224,0.48663926124572754,0.6415425539016724,0.10050241649150848,0.5862312316894531,-0.35387301445007324,-0.5981367826461792,-0.26112595200538635,0.5724000334739685,-0.10067832469940186,-1.1454493999481201,-0.5119005441665649,0.8664308786392212,-0.45042508840560913,1.5553265810012817,0.29608678817749023,0.08743171393871307,0.6165501475334167,0.40203264355659485,0.3794883191585541,0.1129746362566948,-0.6159865260124207,0.562861442565918,0.45030370354652405,0.36968469619750977,0.4606589376926422,0.10931453108787537,-0.05220602825284004,-0.22532005608081818,0.31757187843322754,0.9626516103744507,0.5549578666687012,0.6767707467079163,-0.437127023935318,-0.1562839150428772,0.396300733089447,-0.25239458680152893,-0.2586768567562103,0.13108225166797638,-1.2951158285140991,-1.5408762693405151,-0.7716448307037354,0.4134959280490875,-0.03806900233030319,-0.2514224350452423,-0.2225881963968277,-0.15643543004989624,0.10602457076311111,0.18331409990787506,0.4785628914833069,-1.0584479570388794,-0.1681729406118393,-2.2060632705688477,-0.5572686791419983,0.9016036987304688,-0.9266332387924194,0.4059702157974243,-0.4294898211956024,-0.33793118596076965,0.2424163669347763,0.4443873465061188,-0.08357760310173035,-0.6534367799758911,-0.04990173503756523,0.8660393953323364,1.353188157081604,-0.13727593421936035,-0.3115265965461731,0.43176019191741943,0.7996145486831665,-0.23779378831386566,-0.22032523155212402,-0.851128101348877,-0.8125176429748535,0.513695478439331,-0.17800770699977875,-0.3831058144569397,0.3029186427593231,0.33711668848991394,-0.7565575242042542,-0.049960870295763016,-0.6582277417182922,0.8205702900886536,0.25703680515289307,0.06782690435647964,1.0628325939178467,0.43705102801322937,-0.2697320282459259,-0.1008971780538559,0.7083634734153748,1.1796433925628662,0.5531719923019409,-0.427558958530426,-0.3009311556816101,0.8293494582176208,0.7708339095115662,-0.8434741497039795,0.4916309714317322,0.6922105550765991,0.20816555619239807,-0.7381501793861389,-0.034877959638834,0.428496390581131,-0.30745604634284973,0.18384908139705658,-1.1677554845809937,-0.5278683304786682,0.2928420305252075,-0.15750350058078766,1.051361322402954,-0.41437527537345886,-0.3632980287075043,0.2338147759437561,0.7159148454666138,-0.17455044388771057,1.1862516403198242,-0.6374280452728271,0.19291581213474274,0.12008978426456451,-0.4007965326309204,-0.9441508650779724,-0.7481173276901245,0.07126405090093613,0.9613948464393616,-0.6403364539146423,-0.21854278445243835,0.40050408244132996,0.30280178785324097,0.11804206669330597,-0.8902500867843628,-2.348937749862671,0.26685813069343567,0.31063491106033325,-0.6555734276771545,0.07151944190263748,-1.1698622703552246,0.5332471132278442,0.8672247529029846,-0.5579583048820496,0.6614412665367126,0.08408430963754654,-0.23597776889801025,0.3243192434310913,0.34530991315841675,1.2799072265625,0.6838172674179077,-0.28684476017951965,0.10884439200162888,-0.7954307794570923,0.8567354679107666,0.17255519330501556,0.6923529505729675,0.30936822295188904,-0.0062783267349004745,-0.20300160348415375,0.08172376453876495,0.28557920455932617,0.5171282291412354,-0.22796209156513214,0.703009307384491,0.7933751940727234,0.5547215938568115,-0.7817634344100952,0.008469891734421253,-0.05531936138868332,0.15225493907928467,0.6103790998458862,0.30958399176597595,-0.042338404804468155,-1.1272574663162231,0.6654118895530701,-0.7738423943519592,-1.359948992729187,-0.41533154249191284,1.184414267539978,0.41807296872138977,-0.9529995322227478,-0.2695627808570862,0.25131696462631226,0.043961331248283386,0.9184811115264893,0.12170232832431793,-0.17015525698661804,1.2161996364593506,-0.3408769965171814,0.6660220623016357,0.43416258692741394,-0.1967352330684662,0.6677554249763489,-0.08668714761734009,-0.23083233833312988,-1.078324556350708,0.42495912313461304,-0.09237910807132721,-0.2182006984949112,-1.1329755783081055,-0.04597597196698189,0.11761217564344406,0.8838921189308167,-1.2205965518951416,0.6257562637329102,0.9399117231369019,-0.4626849889755249,-0.607419490814209,-0.1765822321176529,-0.2361181080341339,0.12870283424854279,-0.09265470504760742,1.1521782875061035,0.016855496913194656,-0.17849652469158173,-0.8466193675994873,-0.6867141127586365,0.23634690046310425,0.09533723443746567,0.7803134322166443,-0.9196906685829163,0.23094825446605682,0.2670004367828369,0.6248497366905212,0.9865830540657043,0.3303646147251129,-1.0977505445480347,-0.5846192240715027,-0.3677254617214203,-0.989960789680481,0.32560962438583374,0.5906986594200134,-0.6262054443359375,-0.10411663353443146,0.4220653176307678,-1.053263783454895,-0.09849624335765839,0.0845649465918541,-0.6464778184890747,0.841025710105896,-0.9882960915565491,-1.0296120643615723,-0.5474318265914917,-0.17454694211483002,0.06212738901376724,0.2871096432209015,-0.14951938390731812,0.2539452612400055,-0.272094190120697,0.482643187046051,0.5714646577835083,-0.6889955401420593,0.33939364552497864,0.570084273815155,-0.07725826650857925,-0.524418830871582,-0.286313533782959,-0.9892346262931824,0.3004426658153534,-0.7385050058364868,-1.310123085975647,0.016719184815883636,0.025895508006215096,-0.12398494780063629,0.11825298517942429,-1.1645251512527466,-0.3520801365375519,0.07478639483451843,-0.8070921897888184,-0.7484062910079956,-0.7761738300323486,0.27377915382385254,0.5243449807167053,0.2078022062778473,0.467905730009079,0.1438847929239273,-0.07867790758609772,1.1143522262573242,-0.3292023837566376,-0.20373819768428802,0.5737413763999939,0.5698907375335693,-0.46504339575767517,0.828847348690033,-0.5649318099021912,-0.31331220269203186,-0.6197090148925781,0.14906561374664307,0.2633735239505768,0.4358973801136017,-0.01790027692914009,0.18441244959831238,-0.7330277562141418,0.08984425663948059,-0.4259073734283447,0.5020440816879272,-0.19604133069515228,-0.39997145533561707,-0.7450318336486816,-0.31877946853637695,1.5661205053329468,-0.011862787418067455,1.2116007804870605,0.05544613301753998,-1.6289387941360474,0.054583556950092316,-0.1341506689786911,1.045795202255249,0.09004262089729309,0.42790624499320984,-0.6737530827522278,-0.5899319052696228,-0.7497667074203491,0.8897483944892883,-1.3643704652786255,1.075105905532837,1.2158291339874268,0.15133057534694672,0.1336820274591446,-1.0016694068908691,0.019986318424344063,-0.16812999546527863,-1.7009445428848267,-0.5166468620300293,1.1092835664749146,0.23306478559970856,-0.7314367890357971,0.19715671241283417,0.685905933380127,0.8078065514564514,-0.003979049623012543,-1.200398564338684,-1.3007460832595825,-0.1625887006521225,-0.10392170399427414,0.8211365342140198,0.04489874094724655,0.4051128029823303,0.7883931398391724,-0.22024405002593994,0.9346544742584229,-0.8756362795829773,-1.3843363523483276,0.5938900709152222,-0.5433991551399231,-0.4604998826980591,0.14584971964359283,0.9718039035797119,-0.3252626955509186,0.5342409014701843,0.35633188486099243,0.4787001311779022,-0.36815258860588074,-0.6566367149353027,-0.8541537523269653,0.42990830540657043,-0.43231654167175293,-0.05221663415431976,-0.9994614720344543,-1.3557569980621338,-1.1995042562484741,0.17058894038200378,0.03295905888080597,-0.5132776498794556,0.6729184985160828,-0.376162588596344,-0.408755362033844,-1.080928087234497,-0.1720103919506073,-0.6994465589523315,0.8649320006370544,-0.13117094337940216,1.105094075202942,0.5665398240089417,0.024938439950346947,-0.11357137560844421,0.6971423625946045,0.7621657848358154,-0.7374358773231506,0.37344884872436523,0.5847229957580566,0.5708780288696289,0.4393378794193268,1.675450086593628,1.2507939338684082,0.6480653882026672,-0.2616496682167053,0.3961907625198364,-0.9421226382255554,0.24824659526348114,-0.4968496561050415,-1.152777075767517,-0.14530609548091888,0.14122632145881653,0.7619378566741943,-0.13255906105041504,0.09506963938474655,1.217729091644287,0.044323328882455826,-0.2564360499382019,-0.1641564518213272,-1.7873568534851074,-0.9697675704956055,0.20127856731414795,0.25855711102485657,-0.41959014534950256,-0.9575737714767456,0.20934796333312988,0.27614858746528625,1.4276372194290161,0.10931955277919769,0.0015365856233984232,-0.13562168180942535,0.512978196144104,0.09442762285470963,0.17926032841205597,-0.19750292599201202,0.14645273983478546,-0.4774288833141327,-0.10316319018602371,0.0868198499083519,0.008578900247812271,0.10795638710260391,-0.7756932377815247,-1.0507415533065796,-0.19089122116565704,-0.6752488017082214,-0.13937613368034363,0.3129308223724365,-0.6619133353233337,0.05796225368976593,-0.11867881566286087,0.2874380648136139,-0.6751522421836853,0.6647244095802307,0.7926374077796936,1.0509575605392456,0.49905073642730713,-0.6957855820655823,0.36365991830825806,0.43339142203330994,0.35808324813842773,-0.3018120229244232,-0.5345131754875183,-0.18736843764781952,-0.3346869647502899,0.955948531627655,0.6875511407852173,0.6454054713249207,0.29327747225761414,-0.29309892654418945,-0.3479790985584259,0.34717991948127747,0.08300717175006866,-0.46325767040252686,-0.9139734506607056,-0.031974561512470245,0.024864954873919487,-0.13282954692840576,-0.08174818754196167,-0.4789630174636841,1.0313082933425903,-0.0325310193002224,1.2694395780563354,-0.7356621623039246,-1.0569552183151245,0.595479428768158,0.36229971051216125,-0.26362302899360657,-1.5485440492630005,-0.8717870116233826,-0.4804431200027466,0.17956306040287018,-0.12441866099834442,0.07938797771930695,-0.5754382014274597,-0.178018257021904,0.7333003282546997,0.020229510962963104,-0.7441636323928833,0.33599984645843506,0.2961385250091553,-0.7558597922325134,-0.4997478127479553,-0.7118251323699951,-0.35686275362968445,0.3372463881969452,-0.4473223090171814,-0.03418566659092903,-0.09844037890434265,0.34684571623802185,1.518790602684021,1.1330435276031494,0.6582208871841431,0.29451805353164673,0.08049679547548294,0.19540049135684967,0.21443058550357819,0.3705662786960602,-0.13158975541591644,0.13774023950099945"
      at ErrorResponse (file:///Users/mike/Work/Proyectos/vault/node_modules/.pnpm/postgres@3.4.8/node_modules/postgres/src/connection.js:815:30)
      at handle (file:///Users/mike/Work/Proyectos/vault/node_modules/.pnpm/postgres@3.4.8/node_modules/postgres/src/connection.js:489:6)
      at Socket.data (file:///Users/mike/Work/Proyectos/vault/node_modules/.pnpm/postgres@3.4.8/node_modules/postgres/src/connection.js:324:9)
      at Socket.emit (node:events:508:28)
      at addChunk (node:internal/streams/readable:559:12)
      at readableAddChunkPushByteMode (node:internal/streams/readable:510:3)
      at Readable.push (node:internal/streams/readable:390:5)
      at TCP.onStreamRead (node:internal/stream_base_commons:189:23) {
    severity_local: 'ERROR',
    severity: 'ERROR',
    code: '22P02',
    detail: 'Vector contents must start with "[".',
    where: "unnamed portal parameter $10 = '...'",
    file: 'vector.c',
    line: '193',
    routine: 'vector_in'
  }
}
